function [popsize, MAXITER, dimension, w2, w1, runno, data, Pd, interval] = my_input()
%10unit data is taken from basu et al, where, values of B0 and B00 are
%not given in that paper
popsize = 200;
MAXITER = 100;
dimension = 6;
w2 = 1.0;
w1 = 0.75;
runno = 30;
interval = 1;
% data = [1.27*10^-7 0.000968 6.95 749.55 320 800
%         6.453*10^-8 0.0007375 7.05	1285 300 1200
%         9.98*10^-8 0.00104	6.531	1531 275 1100
%         1.27*10^-7 0.000968 6.95 749.55 320 800
%         6.453*10^-8 0.0007375 7.05	1285 300 1200];
       %Pmin   Pmax  ai($/(MW^2)h)  bi($/(MW)h) ci($/h)    di($/h)
       %ei(rad/MW)  al(lb/h)    be(lb/MWh)  ga(lb/MW^2h et()lb/h    de(1/MW)
data=[    10 	125	    0.1525	    38.540		756.800      13.860     0.3300     0.0042;
         10	    150	    0.1060	    46.160		451.325      13.860     0.3300     0.0042;    
         35	    225	    0.0280	    40.400		1050.000     40.267    -0.5455     0.0068;   
         35 	210	    0.0355	    38.310		1243.530     40.267    -0.5455     0.0068;     
         130	325	    0.0211	    36.328		1658.570     42.900    -0.5112     0.0046;     
         125	315	    0.0180	    38.270		1356.660     42.900    -0.5112     0.0046;];

% B = 1*[0.0212 0.0085 -0.0009 0.0021 0.0007;0.0085 0.0206...
%     -0.0041 0.0037 0.0001;-0.0009 -0.0041 0.0395 -0.0207...
%     -0.0251;0.0021 0.0037 -0.0207 0.0613 -0.0071;0.0007...
%     0.0001 -0.0251 -0.0071 -0.0406];

% B0 = 1*[-0.0002 0.0030 -0.0017 0.0101 -0.0038];
% 
% B00 = 1*.00085357;

% B = [0.000049 0.000014  0.000015  0.000015 0.000016 0.000017 0.000017 ...
%     0.000018  0.000019  0.000020; 0.000014 0.000045 0.000016 0.000016 ...
%     0.000017  0.000015  0.000015 0.000016 0.000018 0.000018; 0.000015 ...
%     0.000016  0.000039  0.000010 0.000012 0.000012 0.000014 0.000014 ...
%     0.000016  0.000016; 0.000015 0.000016 0.000010 0.000040 0.000014 ...
%     0.000010  0.000011  0.000012 0.000014 0.000015; 0.000016 0.000017 ...
%     0.000012  0.000014  0.000035 0.000011 0.000013 0.000013 0.000015 ...
%     0.000016; 0.000017  0.000015 0.000012 0.000010 0.000011 0.000036 ...
%     0.000012 0.000012 0.000014 0.000015; 0.000017 0.000015 0.000014 ...
%     0.000011 0.000013 0.000012 0.000038  0.000016 0.000016 0.000018; ...
%     0.000018 0.000016 0.000014 0.000012  0.000013 0.000012 0.000016 ...
%     0.000040 0.000015 0.000016; 0.000019 0.000018 0.000016 0.000014 ...
%     0.000015 0.000014 0.000016 0.000015  0.000042 0.000019; 0.000020 ...
%     0.000018 0.000016 0.000015 0.000016  0.000015 0.000018 0.000016 ...
%     0.000019 0.000044;];






% Pd = [1800 2000 3000];
Pd = 1200;
%Pd =[1036 1110 1258 1406 1480 1628 1702 1776 1924 2022 2106 2150 2072 1924 1776 1554 ...
   % 1924 2022 2106 2150 2072 1924 1776 1554]';